*root* 1 0 0 0 0 0 0 0 0 0 0 0 0 0 0
berlin.n.01 1 1 1 2 1 1 1 1 1 0 0 0 0 0 0
entity.n.01 1 0 0 0 0 0 0 0 0 0 0 0 0 0 0
object.n.01 1 1 0 0 0 0 0 0 0 0 0 0 0 0 0
location.n.01 1 1 1 0 0 0 0 0 0 0 0 0 0 0 0
region.n.03 1 1 1 2 0 0 0 0 0 0 0 0 0 0 0
area.n.01 1 1 1 2 1 0 0 0 0 0 0 0 0 0 0
center.n.01 1 1 1 2 1 1 0 0 0 0 0 0 0 0 0
seat.n.05 1 1 1 2 1 1 1 0 0 0 0 0 0 0 0
capital.n.03 1 1 1 2 1 1 1 1 0 0 0 0 0 0 0
berlin.n.02 1 1 2 1 1 1 1 1 0 0 0 0 0 0 0
person.n.01 1 1 0 0 0 0 0 0 0 0 0 0 0 0 0
creator.n.02 1 1 2 0 0 0 0 0 0 0 0 0 0 0 0
artist.n.01 1 1 2 1 0 0 0 0 0 0 0 0 0 0 0
musician.n.02 1 1 2 1 1 0 0 0 0 0 0 0 0 0 0
composer.n.01 1 1 2 1 1 1 0 0 0 0 0 0 0 0 0
songwriter.n.01 1 1 2 1 1 1 1 0 0 0 0 0 0 0 0
berlin.n.03 1 1 1 1 1 1 1 1 1 0 0 0 0 0 0
whole.n.02 1 1 1 0 0 0 0 0 0 0 0 0 0 0 0
artifact.n.01 1 1 1 1 0 0 0 0 0 0 0 0 0 0 0
instrumentality.n.03 1 1 1 1 1 0 0 0 0 0 0 0 0 0 0
container.n.01 1 1 1 1 1 1 0 0 0 0 0 0 0 0 0
car.n.01 1 1 1 1 1 1 1 0 0 0 0 0 0 0 0
limousine.n.01 1 1 1 1 1 1 1 1 0 0 0 0 0 0 0
